camera_matrix:
- [637.1406592269745, 0.0, 331.0298478186267]
- [0.0, 637.018404558641, 232.68351139834743]
- [0.0, 0.0, 1.0]
dist_coeff:
- [0.040409325521223956, -0.2728647810091623, 0.0020393269532986156, -0.003485402590229822,
  0.5590024981182822]
